*
3.000000 14.000000 25.999000 32.999000 37.999000 45.999000 52.999000 60.999000 63.999000 85.998000 
*
*
10.999000 32.999000 43.999000 48.999000 60.998000 63.998000 70.998000 82.998000 95.998000 
*
*
*
*
*
*
11.000000 33.000000 47.999000 52.999000 60.999000 70.999000 75.999000 82.999000 88.999000 93.998000 
*
*
3.000000 6.000000 17.999000 22.999000 25.999000 33.999000 45.999000 52.999000 65.998000 85.998000 
*
*
3.000000 8.000000 18.000000 31.000000 34.000000 55.999000 75.999000 82.999000 85.999000 95.998000 
*
*