*
*
7.999000 10.999000 18.999000 40.999000 55.999000 70.999000 77.998000 80.998000 88.998000 95.998000 
*
*
3.000000 6.000000 18.000000 23.000000 26.000000 41.000000 56.000000 75.999000 85.999000 88.999000 
*
*
3.000000 8.000000 14.000000 21.000000 26.000000 36.000000 40.999000 55.999000 63.999000 85.999000 
*
*
*
*
*
*
11.000000 41.000000 56.000000 59.000000 70.999000 77.999000 80.999000 88.999000 93.999000 
*
*
11.000000 23.000000 26.000000 40.999000 43.999000 48.999000 62.999000 65.999000 70.999000 88.999000 
*