3.000000 14.000000 26.000000 33.000000 38.000000 45.999000 52.999000 60.999000 63.999000 85.999000 
*
*
*
*
*
*
10.999000 32.999000 35.999000 43.999000 48.999000 60.999000 63.999000 70.999000 82.998000 95.998000 
*
*
11.000000 32.999000 47.999000 52.999000 60.999000 70.999000 75.999000 82.999000 88.999000 93.999000 
*
*
3.000000 6.000000 18.000000 23.000000 26.000000 34.000000 45.999000 52.999000 65.999000 85.999000 
*
*
3.000000 7.999000 17.999000 30.999000 33.999000 55.999000 75.999000 82.998000 85.998000 95.998000 
*
*
*