*
8.066000 11.066000 19.066000 41.065000 56.065000 71.065000 78.064000 81.064000 89.064000 96.064000 
*
*
2.999000 5.999000 17.999000 22.999000 25.999000 40.999000 55.998000 75.998000 85.997000 88.997000 
*
*
*
*
*
*
3.000000 8.000000 14.000000 21.000000 26.000000 35.999000 40.999000 55.999000 63.999000 85.998000 
*
*
11.000000 30.999000 40.999000 55.999000 58.999000 70.998000 77.998000 80.998000 88.998000 93.998000 
*
*
11.000000 22.999000 25.999000 40.999000 43.999000 48.999000 62.998000 65.998000 70.998000 88.998000 
*
*