*
3.000000 14.066000 26.066000 33.066000 38.065000 46.065000 53.065000 61.065000 64.065000 86.064000 
*
*
10.999000 35.999000 43.998000 48.998000 60.998000 63.998000 70.998000 82.997000 95.997000 
*
*
*
*
*
*
11.000000 32.999000 47.999000 52.999000 60.999000 70.999000 75.998000 82.998000 88.998000 93.998000 
*
*
3.000000 6.000000 18.000000 23.000000 25.999000 33.999000 45.999000 52.999000 65.998000 85.998000 
*
*
3.000000 8.000000 17.999000 30.999000 33.999000 75.998000 82.998000 85.998000 95.998000 
*
*