*
*
3.000000 14.000000 26.000000 33.000000 37.999000 45.999000 52.999000 60.999000 63.999000 85.998000 
*
*
10.999000 32.999000 35.999000 43.998000 48.998000 60.998000 63.998000 70.998000 82.997000 95.997000 
*
*
11.000000 33.000000 47.999000 52.999000 60.999000 70.999000 75.999000 82.998000 88.998000 93.998000 
*
*
*
*
*
*
3.000000 5.999000 17.999000 22.999000 25.999000 33.999000 45.998000 52.998000 65.998000 85.997000 
*
*
3.000000 7.999000 17.999000 30.999000 33.999000 55.998000 75.998000 82.998000 85.997000 95.997000 
*