*
*
8.000000 11.000000 19.000000 40.999000 55.999000 70.999000 77.998000 80.998000 88.998000 95.998000 
*
*
2.999000 5.999000 17.999000 22.999000 25.999000 40.998000 55.998000 75.998000 85.997000 88.997000 
*
*
3.000000 8.000000 14.000000 21.000000 26.000000 36.000000 40.999000 55.999000 63.999000 85.998000 
*
*
*
*
*
*
10.999000 30.999000 40.999000 55.998000 58.998000 70.998000 77.998000 80.998000 88.997000 93.997000 
*
*
10.999000 22.999000 25.999000 40.999000 43.999000 48.998000 62.998000 65.998000 70.998000 88.997000 
*