3.0 8.0 11.0 13.999 25.999 32.999 37.999 40.999 45.999 52.999 60.999 63.999 77.999 85.999 88.998 95.998
3.0 8.0 11.0 14.0 19.0 33.0 41.0 52.999 55.999 63.999 70.999 77.999 80.999 85.999 88.999 95.999
3.0 8.0 10.999 13.999 18.999 32.999 40.999 52.999 55.999 63.999 70.999 77.999 80.999 88.998 95.998
3.0 8.0 11.0 14.0 33.0 41.0 52.999 63.999 77.999 85.999 88.999 95.999
3.0 6.0 11.0 18.0 23.0 26.0 33.0 40.999 48.999 55.999 63.999 70.999 75.999 85.999 88.999 95.999
3.0 6.0 18.0 23.0 26.0 41.0 44.0 56.0 75.999 85.999 88.999
2.999 5.999 10.999 25.999 32.998 48.998 55.998 63.998 70.998 75.998 88.998 95.998
3.0 6.0 11.0 26.0 33.0 36.0 44.0 49.0 55.999 60.999 63.999 70.999 75.999 82.999 88.999 95.999
3.0 8.0 14.0 21.0 26.0 36.0 41.0 53.0 56.0 64.0 85.999
3.0 8.0 11.0 14.0 26.0 33.0 36.0 48.0 60.999 63.999 70.999 88.999
3.0 8.0 11.0 14.0 26.0 33.0 36.0 47.999 52.999 60.999 63.999 70.999 75.999 82.999 88.999 93.999
3.0 8.0 11.0 14.0 21.0 26.0 33.0 36.0 41.0 48.0 56.0 61.0 64.0 70.999 82.999 85.999 88.999
3.0 11.0 23.0 26.0 45.999 52.999 55.999 58.999 65.999 77.999 80.999 88.999
3.0 6.0 11.0 17.999 22.999 25.999 33.999 45.999 52.999 55.999 58.999 65.999 77.999 80.999 85.999 88.998
3.0 11.0 23.0 26.0 31.0 41.0 46.0 52.999 55.999 58.999 65.999 70.999 77.999 80.999 88.999 93.999
11.0 31.0 40.999 52.999 55.999 58.999 70.999 77.999 80.999 88.999 93.999
2.999 7.999 10.999 17.999 25.999 30.999 33.999 40.999 43.999 55.999 65.999 75.998 82.998 85.998 88.998 95.998
3.0 11.0 18.0 23.0 26.0 31.0 34.0 41.0 44.0 49.0 62.999 65.999 70.999 82.999 88.999 95.999
3.0 11.0 23.0 26.0 41.0 44.0 49.0 63.0 66.0 71.0 88.999 95.999
3.0 11.0 18.0 26.0 31.0 34.0 40.999 43.999 65.999 75.999 82.999 88.999 95.999
