*
*
8.000000 10.999000 18.999000 40.999000 55.998000 77.998000 80.998000 88.997000 95.997000 
*
*
3.000000 6.000000 17.999000 22.999000 25.999000 40.999000 55.998000 75.998000 85.998000 88.998000 
*
*
3.000000 8.000000 13.999000 20.999000 25.999000 35.999000 40.999000 55.998000 63.998000 85.998000 
*
*
*
*
*
*
10.998000 30.997000 40.997000 55.997000 58.997000 70.996000 77.996000 80.996000 88.996000 93.996000 
*
*
11.000000 22.999000 25.999000 40.999000 43.999000 48.999000 62.998000 65.998000 70.998000 88.998000 
*