*
*
3.000000 13.999000 25.999000 32.999000 37.999000 45.999000 52.999000 60.999000 63.999000 85.998000 
*
*
11.000000 33.000000 36.000000 44.000000 49.000000 60.999000 63.999000 70.999000 82.999000 95.999000 
*
*
11.000000 33.000000 48.000000 53.000000 61.000000 70.999000 75.999000 82.999000 88.999000 93.999000 
*
*
*
*
*
*
3.000000 6.000000 18.000000 23.000000 26.000000 34.000000 46.000000 53.000000 65.999000 85.999000 
*
*
3.000000 7.999000 17.999000 30.999000 33.999000 55.999000 75.999000 82.998000 85.998000 95.998000 
*