*
*
*
8.000000 11.000000 19.000000 40.999000 55.999000 70.999000 77.999000 80.999000 88.999000 95.998000 
*
*
3.000000 6.000000 18.000000 23.000000 26.000000 40.999000 55.999000 75.999000 85.999000 88.999000 
*
*
2.999000 7.999000 13.999000 20.999000 25.999000 35.999000 40.999000 55.999000 63.999000 85.998000 
*
*
11.000000 31.000000 41.000000 55.999000 58.999000 70.999000 77.999000 80.999000 88.999000 93.999000 
*
*
*
*
*
*
10.999000 22.999000 25.999000 40.999000 43.999000 48.999000 62.999000 65.999000 70.999000 88.998000 