*
3.000000 14.000000 25.999000 32.999000 37.999000 45.999000 52.999000 60.999000 63.999000 85.999000 
*
*
11.000000 33.000000 36.000000 44.000000 49.000000 61.000000 64.000000 70.999000 82.999000 95.999000 
*
*
*
*
*
*
11.000000 33.000000 47.999000 52.999000 60.999000 70.999000 75.999000 82.999000 88.999000 93.999000 
*
*
3.000000 6.000000 18.000000 23.000000 26.000000 34.000000 46.000000 52.999000 65.999000 85.999000 
*
*
3.000000 8.000000 18.000000 31.000000 34.000000 56.000000 75.999000 82.999000 85.999000 95.999000 
*
*