*
*
*
2.999000 13.999000 25.999000 32.999000 37.999000 45.998000 52.998000 60.998000 63.998000 85.997000 
*
*
11.000000 32.999000 35.999000 43.999000 48.999000 60.998000 63.998000 70.998000 82.998000 95.997000 
*
*
10.999000 32.999000 47.998000 52.998000 60.998000 70.998000 75.998000 82.998000 88.997000 93.997000 
*
*
2.999000 5.999000 17.999000 22.999000 25.999000 33.998000 45.998000 52.998000 65.998000 85.997000 
*
*
*
*
*
*
3.000000 8.000000 18.000000 31.000000 34.000000 55.999000 82.998000 85.998000 