*
*
*
3.000000 14.000000 25.999000 32.999000 37.999000 45.999000 52.999000 60.999000 63.999000 85.998000 
*
*
11.000000 32.999000 35.999000 43.999000 48.999000 63.999000 70.998000 82.998000 95.998000 
*
11.000000 32.999000 47.999000 52.998000 60.998000 70.998000 75.998000 82.998000 88.998000 93.997000 
*
*
2.999000 5.999000 17.999000 22.999000 25.998000 33.998000 45.998000 52.998000 65.997000 85.997000 
*
*
*
*
*
*
3.000000 8.000000 18.000000 30.999000 33.999000 55.999000 75.998000 82.998000 85.998000 95.998000 
