80.993
13.998 60.994
2.999 18.998 45.996 85.992
37.996 45.996 55.995 60.994 70.994 77.993 80.993
17.998 22.998 35.997 43.996 60.995 82.993 85.993
6.0 32.997 43.996 48.996 63.995 95.992
32.997
17.998 43.996 48.996
60.994
20.998 40.997 52.996 75.994 82.993 85.993
40.996 85.993
52.996
65.995 85.993
6.0 52.996 65.995 70.994 80.993 85.993 88.993 93.992
6.0 17.999 22.998 30.998 33.998 65.995 70.994 85.993 88.993 93.992
65.995 85.993
65.995 70.994
7.999 22.998 25.998 55.995 70.994 75.994 82.993 85.993 88.993
2.999 17.998 30.997 55.995
33.997 55.995 70.994 75.993
